1001001011 1111000010 0001001110
0011110000 0111110010 0000111000
0111110011 1001010110 0110010101
0010100011 1011100011 1011011000
1101011010 0110101100 0110111111
1001101110 0011110011 1011110110
0000101000 0110110000 0100100110
1101101001 1101001001 1110101000
0011101101 1000010000 0111010000
0100111110 0000001001 1010110001

0100111110 0000001001 1010110001
0101111010 0010000111 1010010101
1110001001 1100001001 1100011110
1001011001 1011100100 0111110011
1000010110 0010111111 1000010000
0001101101 1111000001 1101100101
0100010000 0111001110 0100001100
1010110000 0101101011 1011100010
1101110101 1011110000 0110010000
1001101000 0101011100 0100100000

1001101000 0101011100 0100100000
0101110000 0101100011 1011111100
1011101111 1011111111 1001111100
0001101000 0100101110 0111101111
1101001101 1111111110 0001001101
1101111101 1010100010 0100100000
1100001101 1010111111 1111100110
1100010000 0001001101 1001110110
1100111000 0001101001 1011011010
0100001000 0111100001 1110000110

 01111000   11111001   00011100
 11111001   00101011   11001010
 01010001   01110001   01101100
 10101101   11010110   11011111
 00110111   01111001   01111011
 00010100   11011000   10010011
 10110100   10100100   11010100
 01110110   00001000   11101000
 
 10111101   01000011   01001010
 11000100   10000100   10001111
 00101100   01110010   11111001
 00001011   01011111   00001000
 00110110   11100000   10110010
 10001000   11100111   10000110
 01011000   10110101   01110001
 10111010   01111000   11001000
 
 10111000   10110001   01111110
 01110111   01111111   00111110
 00110100   10010111   11110111
 10100110   11111111   00100110
 10111110   01010001   10010000
 10000110   01011111   11110011
 10001000   00100110   00111011
 10011100   00110100   01101101